t ns xATP yCurrent
6.85 685 0 -3.74321366459003
20.55 685 0 -2.04833406008736
34.24 684 0 0.869385648560202
47.93 685 0 0.829640459592723
61.63 685 0 1.94160416615086
75.33 685 0 1.48115023570529
89.02 684 0 -0.67775510212191
102.71 685 0 -0.164715411895114
116.41 685 0 -0.0246164291045315
130.11 685 0 0.15365402769417
143.81 685 0 1.00117627752264
157.5 684 0 1.27921060275308
171.19 685 0 1.52343180914362
184.89 685 0 -0.00685411354373012
198.59 685 0 0.431084862130396
212.28 684 0 0.687546818519422
225.97 685 0 1.94869540958579
239.67 685 0 0.0727654365120117
253.37 685 0 -0.85482443713484
267.07 685 0 -0.612325312946386
280.76 684 0 -0.968566275651716
294.45 685 0 0.522169386817646
308.15 685 0 -1.05054746722889
321.85 685 0 -0.852038761550056
335.55 685 0 0.845113539235303
349.24 684 0 -0.975174234482847
362.93 685 0 0.453294585446067
376.63 685 0 -0.0183900081276053
390.33 685 0 1.45534314166099
404.02 684 0 1.55516704467578
417.71 685 0 0.432673168342733
431.41 685 0 -0.204144148804358
445.11 685 0 0.430476153422635
458.81 685 0 0.441879480321698
472.5 684 0 0.0913894717004538
486.19 685 0 -0.468460555865366
499.89 685 0 2.38117379952832
513.59 685 0 1.32654624315196
527.28 684 0 1.64618747387884
540.970000000001 685 0 0.474251556670307
554.670000000001 685 0 0.613046163658556
568.370000000001 685 0 -0.450759386835929
582.070000000001 685 0 -0.246180634916121
595.760000000001 684 0 0.120224566188181
609.450000000001 685 0 0.202571753989685
623.150000000001 685 0 0.426674793855744
636.850000000001 685 0 0.4216512554631
650.540000000001 684 0 -1.30015881971637
664.230000000001 685 0 -1.82196960096283
677.930000000001 685 0 -0.572456521491732
691.630000000001 685 0 -1.15090521423886
705.330000000001 685 0 1.12115053347699
719.020000000001 684 0 2.14404459423632
732.710000000001 685 0 1.84266181098175
746.410000000001 685 0 1.59702541865315
760.110000000001 685 0 -1.41056671629921
773.810000000001 685 0 -0.257200041790367
787.500000000001 684 0 0.0496689829754785
801.190000000001 685 0 -0.745856306226212
814.890000000002 685 0 0.204565782473684
828.590000000002 685 0 -0.395528782377738
842.280000000002 684 0 -0.442009582939777
855.970000000002 685 0 -0.505487286614102
869.670000000002 685 0 -0.64237482350517
883.370000000002 685 0 -1.76944598352037
897.070000000002 685 0 -2.32704922228284
910.760000000002 684 0 -0.932100783127461
924.450000000002 685 0 -0.786806439004045
938.150000000002 685 0 -0.663830740401355
951.850000000002 685 0 -0.145853711772375
965.540000000002 684 0 -1.27059140377519
979.230000000002 685 0 -1.43758270734073
992.930000000002 685 0 -1.07362176240203
999.790000000002 1 0 -5.33596252327359
999.810000000002 1 0 -7.73390018403586
999.830000000002 1 0 -5.90381833126282
999.850000000002 1 0 -2.97476039543444
999.870000000002 1 0 -1.91045990887662
999.890000000002 1 0 -2.11096038763461
999.910000000002 1 0 -0.358126150821408
999.930000000002 1 0.0447188218708409 -1.80488816706484
999.950000000002 1 1.06898597181226 -0.412027820624498
999.970000000002 1 3.97145910701808 2.45660531338641
999.990000000002 1 12.8828985249399 -2.79331432861321
1000.01 1 29.7563264851797 -5.79550000755024
1000.03 1 50.4360876298854 -1.2385773113948
1000.05 1 69.4241727577194 2.15688456346223
1000.07 1 82.2108397528241 -0.00879526531412546
1000.09 1 89.0122117472535 1.60516492414016
1000.11 1 92.6122635500175 2.98326239286373
1000.13 1 91.3937195044924 3.89512758392746
1000.15 1 86.0066199082112 1.78798428191178
1000.17 1 74.6178059113048 1.32158034288314
1000.19 1 58.2134144457093 -4.24625615413343
1000.21 1 42.6991567858273 -1.58498995363249
1000.23 1 29.4192306236533 -5.80579968967822
1000.25 1 18.8931093338085 -1.45675891113915
1000.27 1 12.2073494209361 1.68807736527039
1000.29 1 8.62600421038192 1.56980268216743
1000.31 1 5.94837929571924 -0.105612277317132
1000.34 2 2.54419300489413 -7.49606335756395
1000.37 1 0.440252640645218 -3.28203424558581
1000.39 1 0 -3.5778067840276
1000.41 1 0 1.4415716396741
1000.43 1 0 -6.0596868541329
1000.45 1 0 -4.88929964165691
1000.48 2 0 3.27285512202873
1000.52 2 0 0.428769563756176
1000.57 3 0 -9.12962155328953
1000.63 3 0 0.37097690292696
1000.7 4 0 -6.36451452977888
1000.79 5 0 -5.63739988688577
1000.91 7 0 -3.74309215912897
1001.06 8 0 -7.32236351000981
1001.24 10 0 -7.72073375704893
1001.47 13 0 -6.56310362521888
1001.76 16 0 -7.06816520932418
1002.13 21 0 -4.87201906386441
1002.6 26 0 -4.14292261247638
1003.18 32 0 -3.51166351286198
1003.92 42 0 -5.39282739527619
1004.85 51 0 -2.61591071873175
1006.01 65 0 -4.40938199148753
1007.48 82 0 -6.38589997749805
1009.33 103 0 -3.95433183026016
1011.66 130 0 -2.69505932252849
1014.59 163 0 -3.68004955904934
1018.28 206 0 -1.16854197284739
1022.93 259 0 -3.00408930366128
1028.78 326 0 -2.08340136598165
1036.14 410 0 -1.7110115887035
1045.41 517 0 -0.585547581457366
1057.08 650 0 -0.817146538236358
1071.77 819 0 -0.308573235694577
1090.27 1031 0 0.799318027546926
1113.56 1298 0 -0.484132869307161
1142.87 1633 0 -0.5198529201225
1179.77 2057 0 1.30721202761251
1226.23 2589 0 0.288297785997899
1284.72 3260 0 2.63770626713677
1358.36 4104 0 0.363023677784111
1451.06 5166 0 -1.32106352326108
1567.76 6504 0 -0.457009143292662
1714.68 8188 0 0.50157771650017
1899.64 10308 0 0.193249449674704
2132.49 12977 0 0.369619966347565
2425.63 16337 0 -0.778508850564943
2794.67 20567 0 -0.380392976540889
3259.27 25893 0 -0.1977746030977
3823.55 30535 0 -0.053412160425646
32628.9 2850000 0 NaN
61131.4 250 1000 NaN
61136.4 250 1000 -1776.9153066255
91133.9 2999500 0 NaN
121135.75 685 0 2.69249817736333
121149.45 685 0 4.63114616993693
121163.14 684 0 1.1798468395169
121176.83 685 0 1.49225747963859
121190.53 685 0 1.51702795063359
121204.23 685 0 0.939882659131145
121217.92 684 0 -0.494265322834734
121231.61 685 0 0.87640164452543
121245.31 685 0 1.67855614744077
121259.01 685 0 -0.034991303745937
121272.71 685 0 -0.776190845482572
121286.4 684 0 -0.0458142183040798
121300.09 685 0 -0.168481198537467
121313.79 685 0 2.90411084088378
121327.49 685 0 0.938119545121025
121341.18 684 0 -1.45469004621143
121354.87 685 0 0.323485526855064
121368.57 685 0 -0.108572076938999
121382.27 685 0 -0.758121989774311
121395.97 685 0 -2.65613371282214
121409.66 684 0 -1.58668637319247
121423.35 685 0 0.265399663395922
121437.05 685 0 2.04964542469408
121450.75 685 0 1.03664565279587
121464.45 685 0 0.739553702519435
121478.14 684 0 1.48934369881718
121491.83 685 0 1.99187921614392
121505.53 685 0 1.48314453028243
121519.23 685 0 0.855638554584396
121532.92 684 0 0.50466330210768
121546.61 685 0 -0.0133706030735157
121560.31 685 0 2.80717298373227
121574.01 685 0 1.15186621144842
121587.71 685 0 -1.21818670973924
121601.4 684 0 -1.3347713625141
121615.09 685 0 -4.60406172177749
121628.79 685 0 0.131418591549139
121642.49 685 0 1.38296111771367
121656.18 684 0 0.483063416423434
121669.87 685 0 0.0498286251490245
121683.57 685 0 -1.05744372795236
121697.27 685 0 -1.06380675406723
121710.97 685 0 -1.28524073113236
121724.66 684 0 -1.90159519455524
121738.35 685 0 0.194890695913488
121752.05 685 0 -0.502228768009786
121765.75 685 0 -0.741459838421559
121779.44 684 0 -3.34823540819
121793.13 685 0 -1.00022995436684
121806.83 685 0 -2.64861792423068
121820.53 685 0 -2.83953877974101
121834.23 685 0 -5.28385076624564
121847.92 684 0 -5.73332791307682
121861.61 685 0 -2.96218936591188
121875.31 685 0 -1.47368119820268
121889.01 685 0 -0.750696417376663
121902.71 685 0 0.29451944595726
121916.4 684 0 -1.56223327255444
121930.09 685 0 -0.990616917714062
121943.79 685 0 -0.222164288982076
121957.49 685 0 0.932423673328366
121971.18 684 0 -0.560816171239099
121984.87 685 0 -1.23197419447158
121998.57 685 0 1.46785566988007
122012.27 685 0 0.421908052974025
122025.970000001 685 0 3.19176684555457
122039.660000001 684 0 2.11259493167835
122053.350000001 685 0 1.07850708050931
122067.050000001 685 0 1.7655813610736
122080.750000001 685 0 1.44661699580617
122094.440000001 684 0 0.970733399371013
122108.130000001 685 0 1.08347899519104
122121.830000001 685 0 1.8578502517498
122128.690000001 1 0 11.6540758980958
122128.710000001 1 0 2.27602458571686
122128.730000001 1 0 3.25716467583396
122128.750000001 1 0 2.42784952967744
122128.770000001 1 0 1.73052290264243
122128.79 1 0 5.04015409309963
122128.81 1 0 4.18032137026762
122128.83 1 0.0722613843741383 -1.76297668728462
122128.85 1 1.92633616645156 -0.94052799588009
122128.87 1 7.45383169813393 8.57790416920614
122128.89 1 24.8025471794344 5.57726344258831
122128.91 1 58.3745229467769 -3.68863577550822
122128.93 1 100.289368553403 -0.325598825868909
122128.95 1 138.135991445283 3.84081332975276
122128.97 1 163.455196159644 -2.28635312726933
122128.99 1 177.126637098985 -1.26935488455853
122129.01 1 184.563587516901 1.87166669476658
122129.03 1 182.767478268375 -0.8978033885344
122129.05 1 172.224484452469 0.832543208966046
122129.07 1 149.107878990103 3.76833408514846
122129.09 1 116.106023490391 0.727257569435595
122129.11 1 84.7591570455485 1.18120652248355
122129.13 1 58.3203122399027 3.24419470574687
122129.15 1 37.8205736406956 1.97466351604637
122129.17 1 24.7163689776142 2.93901893899195
122129.19 1 17.460574278818 4.69454253724967
122129.21 1 12.034833805163 0.618920172237599
122129.24 2 5.30245617903862 -2.97032831450881
122129.27 1 1.13578030909323 -4.76209153506869
122129.29 1 0.052372951370974 -4.64002122836671
122129.31 1 0 -0.775733081832426
122129.33 1 0 -1.28613955173005
122129.35 1 0 -8.01679108751
122129.38 2 0 -5.38960920545851
122129.42 2 0 -2.21311094324814
122129.47 3 0 -7.55750155854383
122129.53 3 0 -5.56266929652245
122129.6 4 0 -10.5651994747679
122129.69 5 0 -10.3971620681984
122129.81 7 0 -13.1752424677757
122129.96 8 0 -12.6217980404148
122130.14 10 0 -12.2335572446462
122130.37 13 0 -18.7653750308559
122130.66 16 0 -20.3200951753756
122131.03 21 0 -16.2063281101722
122131.5 26 0 -16.4666385677744
122132.08 32 0 -17.2149317486442
122132.82 42 0 -18.8841546373257
122133.75 51 0 -17.615900356033
122134.91 65 0 -18.8807901583367
122136.38 82 0 -14.2242894826468
122138.23 103 0 -11.0070765781588
122140.56 130 0 -10.92383675397
122143.49 163 0 -9.73996699061368
122147.18 206 0 -11.2585762237053
122151.83 259 0 -7.93677082009788
122157.68 326 0 -9.7178932342331
122165.04 410 0 -7.70716608137516
122174.31 517 0 -3.26366523895819
122185.98 650 0 -3.41920313355801
122200.67 819 0 -2.61718750611066
122219.17 1031 0 -2.58309438047077
122242.46 1298 0 -2.86936403907158
122271.77 1633 0 -0.75138349424561
122308.67 2057 0 -1.02118185630755
122355.13 2589 0 2.63471337698712
122413.62 3260 0 2.49900977840639
122487.26 4104 0 2.76906990814768
122579.96 5166 0 2.07892614331572
122696.66 6504 0 5.23778085684796
122843.58 8188 0 2.12887912153834
123028.54 10308 0 3.74392638903797
123261.39 12977 0 3.44482313868124
123554.53 16337 0 2.70258388760829
123923.57 20567 0 1.50903962757767
124388.17 25893 0 -0.446026336284307
124952.45 30535 0 0.223303640604671
153757.8 2850000 0 NaN
182260.3 250 1000 NaN
182265.3 250 1000 -1682.09922994177
212262.8 2999500 0 NaN
242264.65 685 0 1.59755678772457
242278.35 685 0 1.06217479990254
242292.04 684 0 1.07375440742711
242305.73 685 0 1.70447099662053
242319.43 685 0 3.37080920460447
242333.13 685 0 2.71172477661841
242346.82 684 0 2.80476656918203
242360.51 685 0 3.58333249479243
242374.21 685 0 4.33155052227435
242387.91 685 0 3.8539179249219
242401.61 685 0 2.79799952517228
242415.3 684 0 3.14095281163047
242428.99 685 0 2.74230405671536
242442.69 685 0 3.19804820064235
242456.39 685 0 3.07693797244747
242470.08 684 0 2.42208820408319
242483.77 685 0 2.03448885043543
242497.47 685 0 1.20519252716379
242511.17 685 0 0.840421390684461
242524.87 685 0 -0.852743103733449
242538.56 684 0 0.756666747092199
242552.25 685 0 0.752772348778049
242565.95 685 0 0.142286382001599
242579.65 685 0 0.12114772538702
242593.35 685 0 0.995139155882238
242607.04 684 0 2.56527888235344
242620.73 685 0 2.08689844463292
242634.430000001 685 0 0.737714263627056
242648.130000001 685 0 -1.91206566119661
242661.820000001 684 0 -1.53015581467402
242675.510000001 685 0 -0.930552566100369
242689.210000001 685 0 -0.853108980519502
242702.910000001 685 0 -0.884897157613656
242716.610000001 685 0 -2.03651689576936
242730.300000001 684 0 -1.47042769700828
242743.990000001 685 0 -1.27495388841691
242757.690000001 685 0 -0.863250283107216
242771.390000001 685 0 -1.04840799450259
242785.080000001 684 0 -1.05389489915272
242798.770000001 685 0 -1.92403033330168
242812.470000001 685 0 -0.480634383489953
242826.170000001 685 0 0.99619669015426
242839.870000001 685 0 1.1224141573216
242853.560000001 684 0 0.127708526619173
242867.250000001 685 0 -0.312778133265272
242880.950000001 685 0 0.284856035500203
242894.650000001 685 0 0.654985011490395
242908.340000001 684 0 0.718333056864227
242922.030000001 685 0 -0.499676014799253
242935.730000001 685 0 -1.2807146935935
242949.430000001 685 0 -1.88851322019622
242963.130000001 685 0 -1.07100815345709
242976.820000001 684 0 -1.36085152712549
242990.510000001 685 0 -3.95135661203737
243004.210000001 685 0 -3.2198927341503
243017.910000001 685 0 -1.08754578418676
243031.610000001 685 0 -1.80989481929137
243045.300000001 684 0 -4.71009131973099
243058.990000001 685 0 -3.09095474753815
243072.690000001 685 0 -2.33005733521568
243086.390000001 685 0 -3.97417429225918
243100.080000001 684 0 -1.95560998436888
243113.770000001 685 0 -2.23977197564537
243127.470000001 685 0 -2.09449383152781
243141.170000001 685 0 -2.99108141136891
243154.870000001 685 0 -2.4255742316255
243168.560000001 684 0 -0.000461279947282316
243182.250000001 685 0 -0.198159461416941
243195.950000001 685 0 -0.934166225864002
243209.650000001 685 0 0.063031455729223
243223.340000001 684 0 1.01996517080125
243237.030000001 685 0 -1.12144101060773
243250.730000001 685 0 0.966022380527352
243257.590000001 1 0 6.06233115990728
243257.610000001 1 0 -2.04832519313846
243257.630000001 1 0 -4.3170018431946
243257.650000001 1 0 -4.4660039113127
243257.670000001 1 0 -2.21312010718612
243257.690000001 1 0 -1.94395508090828
243257.710000001 1 0 2.34414591170692
243257.730000001 1 0.145661127956145 -4.42823841017677
243257.750000001 1 4.17636321579721 1.1837150586213
243257.770000001 1 17.252636703748 5.14291286861637
243257.790000001 1 58.5925383571706 3.26356420299783
243257.810000001 1 141.191537950184 3.15782079981725
243257.830000001 1 247.616526282181 1.79345624059765
243257.850000001 1 341.545929844224 0.659804561044777
243257.870000001 1 403.486767322202 1.78452984942007
243257.890000001 1 437.794863935791 1.24688644233957
243257.910000001 1 457.270692283372 2.66618263957506
243257.930000001 1 456.087332889796 -1.65899720870086
243257.950000001 1 432.720162942967 -4.16456654770051
243257.970000001 1 376.741402306308 2.51100076218018
243257.990000001 1 295.388235519487 -0.679154115592473
243258.010000001 1 215.435398933685 -9.16540554357185
243258.030000001 1 148.699918851723 -15.3108825465992
243258.050000001 1 98.10664674589 -11.1285249571646
243258.070000001 1 65.37024046333 -8.78019743198544
243258.090000001 1 46.4828365957743 -19.9182736851818
243258.110000001 1 32.1271241859192 -31.1174613856708
243258.140000001 2 14.694605149133 -28.3125146194845
243258.170000001 1 3.79455758744935 -30.6347496166062
243258.190000001 1 0.833638128510269 -35.6218557029735
243258.210000001 1 0 -37.4160603296674
243258.230000001 1 0 -36.6222981603379
243258.250000001 1 0 -43.8183427404191
243258.280000001 2 0 -48.3505461994674
243258.320000001 2 0 -57.0218485830128
243258.370000001 3 0 -66.1503424121279
243258.430000001 3 0 -67.5160802622979
243258.500000001 4 0 -75.3781137328655
243258.590000001 5 0 -81.2023436503212
243258.710000001 7 0 -92.8780829290402
243258.860000001 8 0 -98.279371113742
243259.040000001 10 0 -105.049815662158
243259.270000001 13 0 -122.542404928586
243259.560000001 16 0 -128.263891555398
243259.930000001 21 0 -128.932267356346
243260.400000001 26 0 -131.871328811282
243260.980000001 32 0 -139.439561648362
243261.720000001 42 0 -126.800789011716
243262.650000001 51 0 -121.032797762899
243263.810000001 65 0 -112.815997825962
243265.280000001 82 0 -106.447804077977
243267.130000001 103 0 -107.595494429955
243269.460000001 130 0 -102.017752982218
243272.390000001 163 0 -98.0033822847701
243276.080000001 206 0 -86.3027982384915
243280.730000001 259 0 -75.7341917717874
243286.580000001 326 0 -67.1496587147456
243293.940000001 410 0 -56.4594105752974
243303.210000001 517 0 -50.382047932024
243314.880000001 650 0 -40.3833448754778
243329.570000001 819 0 -34.2228168048489
243348.070000001 1031 0 -27.3421387091404
243371.360000001 1298 0 -22.3381504094804
243400.670000001 1633 0 -14.3857566461961
243437.570000001 2057 0 -10.342654704376
243484.030000001 2589 0 -6.07427878762328
243542.520000002 3260 0 -3.42924865031013
243616.160000002 4104 0 -3.13286984211407
243708.860000002 5166 0 -2.00500339297047
243825.560000002 6504 0 -1.58756802633183
243972.480000002 8188 0 -1.89753414017396
244157.440000002 10308 0 -2.52669653413571
244390.290000002 12977 0 -0.693694998927563
244683.430000002 16337 0 0.14360860124642
245052.470000002 20567 0 -2.27207943989612
245517.070000002 25893 0 -0.719405202809201
246081.350000002 30535 0 -0.468025304841768
274886.700000001 2850000 0 NaN
303389.200000001 250 1000 NaN
303394.200000001 250 1000 -1619.84012611205
333391.700000001 2999500 0 NaN
363393.550000001 685 0 -5.15553864809753
363407.250000001 685 0 -3.3142517491403
363420.940000001 684 0 -1.68102729055961
363434.630000001 685 0 -0.783074933347408
363448.330000001 685 0 -5.73795991626829
363462.030000001 685 0 0.0284019095961531
363475.720000001 684 0 -1.78027076222269
363489.410000001 685 0 -2.68565538265519
363503.110000001 685 0 -3.63573994027439
363516.810000001 685 0 -3.09551089252775
363530.510000001 685 0 -3.93753983933212
363544.200000001 684 0 -1.27773015309683
363557.890000001 685 0 -1.28296620465402
363571.590000001 685 0 -2.29097512760758
363585.290000001 685 0 -0.0436140024571339
363598.980000001 684 0 1.43502810021553
363612.670000001 685 0 0.881054091668081
363626.370000001 685 0 -2.8343272149527
363640.070000001 685 0 -3.00153791819047
363653.770000001 685 0 1.17002212937988
363667.460000001 684 0 -1.16749433062463
363681.150000001 685 0 -0.612980653247826
363694.850000001 685 0 0.785751263807055
363708.550000001 685 0 -1.24656341355689
363722.250000001 685 0 0.8909656214066
363735.940000001 684 0 1.71161483159877
363749.630000001 685 0 0.704379598320375
363763.330000001 685 0 0.0255862733248327
363777.030000001 685 0 1.47612790257731
363790.720000001 684 0 -0.367068264727449
363804.410000001 685 0 4.11923851173918
363818.110000001 685 0 3.58077035044232
363831.810000001 685 0 4.00547700511016
363845.510000001 685 0 3.90166823808598
363859.200000001 684 0 4.61508005392035
363872.890000001 685 0 2.27466930261908
363886.590000001 685 0 1.37568832056929
363900.290000001 685 0 0.410934164322631
363913.980000001 684 0 0.258201857526378
363927.670000001 685 0 0.826073447324688
363941.37 685 0 -0.798027432138211
363955.07 685 0 0.199237967289379
363968.77 685 0 -2.74429702241948
363982.46 684 0 -0.577019376660007
363996.15 685 0 1.87318162316854
364009.85 685 0 0.705054549103791
364023.55 685 0 1.02470723051669
364037.24 684 0 0.875710967407815
364050.93 685 0 0.20363183006256
364064.63 685 0 -0.510529584251658
364078.33 685 0 1.07148711146367
364092.03 685 0 0.681368899995002
364105.72 684 0 1.22423150863678
364119.41 685 0 0.107057065246666
364133.11 685 0 -0.0484511497382203
364146.81 685 0 4.59983911049035
364160.51 685 0 1.44490530305379
364174.2 684 0 0.925007561660365
364187.89 685 0 1.17625484321478
364201.59 685 0 0.495022339645497
364215.29 685 0 -0.252330837533933
364228.98 684 0 0.334240370667627
364242.67 685 0 -1.91427685341496
364256.37 685 0 -2.64467272749638
364270.07 685 0 0.655651715854953
364283.77 685 0 -0.463288598314035
364297.46 684 0 0.229420971891937
364311.15 685 0 -0.478518428367336
364324.85 685 0 0.0799142424882121
364338.55 685 0 2.64992411771056
364352.24 684 0 0.754943457838775
364365.93 685 0 0.137459922564587
364379.63 685 0 0.438252964348042
364386.49 1 0 3.71635415195465
364386.51 1 0 8.12614398156337
364386.53 1 0 10.4988855680829
364386.55 1 0 4.33128332196583
364386.57 1 0 -6.79389925508511
364386.59 1 0 -7.58735624864792
364386.61 1 0 -5.02006511082209
364386.63 1 0.195445095603173 -4.89494304645256
364386.65 1 8.11555088558639 -0.725479133163341
364386.67 1 33.9916996295422 -3.49952685296565
364386.69 1 118.700514068845 -0.680465707566992
364386.71 1 287.630793626282 -1.09855650802124
364386.73 1 501.204710878414 -0.898666380796765
364386.75 1 687.926688920136 8.78379775892024
364386.77 1 811.640867334722 1.98677049387109
364386.79 1 880.119466242733 -1.85691828840724
364386.81 1 919.394684167733 0.725631637756342
364386.83 1 914.710324359011 0.460128720679557
364386.85 1 862.17942715494 -3.22334278405244
364386.87 1 741.367358900108 -8.75236473823486
364386.89 1 572.126860931901 -13.572615974129
364386.91 1 412.530708025843 -23.8356770100972
364386.93 1 282.011295310776 -29.5272050600766
364386.95 1 185.157449862633 -33.3556350540172
364386.97 1 122.473418338345 -39.4568615708651
364386.99 1 85.6720663629674 -48.0307747378449
364387.01 1 58.6528413343286 -54.0778325560938
364387.04 2 26.875871298454 -63.4493988834292
364387.07 1 7.36620742032656 -82.01362224484
364387.09 1 2.33116412876804 -94.5845750168924
364387.11 1 0.31337307967254 -104.118265970316
364387.13 1 0 -109.573282801061
364387.15 1 0 -110.457529585233
364387.18 2 0 -115.58600834555
364387.22 2 0 -132.048715083144
364387.27 3 0 -143.725757171744
364387.33 3 0 -165.412818723044
364387.4 4 0 -178.86763680956
364387.49 5 0 -200.181951593083
364387.61 7 0 -229.833243258104
364387.76 8 0 -249.444873447556
364387.94 10 0 -268.486010238463
364388.17 13 0 -303.23665063079
364388.46 16 0 -305.511097743782
364388.83 21 0 -320.65104464343
364389.3 26 0 -326.955263348867
364389.88 32 0 -334.943822252174
364390.62 42 0 -323.612975277253
364391.55 51 0 -299.045352611171
364392.71 65 0 -301.696921512216
364394.18 82 0 -289.945130923311
364396.030000001 103 0 -271.316409552458
364398.360000001 130 0 -254.968149881052
364401.290000001 163 0 -238.530606174395
364404.980000001 206 0 -213.357446448309
364409.630000001 259 0 -204.190369305459
364415.480000001 326 0 -181.959949621758
364422.840000001 410 0 -163.772413378655
364432.110000001 517 0 -143.33665462582
364443.780000001 650 0 -117.393228718696
364458.470000001 819 0 -96.6512689058949
364476.970000001 1031 0 -76.5316487146987
364500.260000001 1298 0 -60.7653292290172
364529.570000001 1633 0 -41.9205013386525
364566.470000001 2057 0 -25.2624642190532
364612.930000001 2589 0 -14.7386591026857
364671.420000001 3260 0 -13.3227334225062
364745.06 4104 0 -8.74439161234529
364837.76 5166 0 -6.89813308382829
364954.46 6504 0 -1.16548625987134
365101.38 8188 0 -0.545015355500248
365286.34 10308 0 -1.66617566268382
365519.19 12977 0 0.196788866485243
365812.33 16337 0 0.785271298932797
366181.37 20567 0 0.416723340047522
366645.97 25893 0 -0.2293744846092
367210.25 30535 0 -3.30018296387887
396015.6 2850000 0 NaN
424518.1 250 1000 NaN
424523.1 250 1000 -1547.41015225161
454520.6 2999500 0 NaN
484522.45 685 0 -4.35950610320189
484536.15 685 0 -4.52808786982973
484549.84 684 0 -4.14282019380086
484563.53 685 0 -3.45206484697594
484577.23 685 0 -3.56772757635623
484590.93 685 0 -2.21170355994445
484604.62 684 0 -2.33690690095643
484618.31 685 0 -1.90401956024526
484632.01 685 0 -1.87214874066244
484645.71 685 0 -4.1729958171673
484659.41 685 0 1.84822787002368
484673.1 684 0 -0.840421312085023
484686.79 685 0 -1.07348593858206
484700.49 685 0 -2.20823413471292
484714.19 685 0 -0.504441170260664
484727.88 684 0 0.909413702801182
484741.57 685 0 -0.593032358813412
484755.27 685 0 0.347082752498393
484768.97 685 0 0.765342847538586
484782.67 685 0 0.921932543069151
484796.36 684 0 -2.16860848879702
484810.05 685 0 0.988684730036012
484823.75 685 0 -2.12097948236494
484837.45 685 0 -1.60009011350126
484851.15 685 0 -3.05498328188045
484864.84 684 0 -2.09890326514273
484878.53 685 0 -3.79699031424079
484892.23 685 0 -4.01647406222714
484905.93 685 0 0.271020477085137
484919.62 684 0 -1.93094282176008
484933.31 685 0 -0.587262977529505
484947.01 685 0 0.780337669975877
484960.71 685 0 0.746827365981882
484974.409999999 685 0 -0.579800650386236
484988.099999999 684 0 0.263878838842669
485001.789999999 685 0 1.74061442993659
485015.489999999 685 0 1.10096490903809
485029.189999999 685 0 -1.42530681888332
485042.879999999 684 0 -2.06801314202681
485056.569999999 685 0 -1.39419114225619
485070.269999999 685 0 -0.328857067700017
485083.969999999 685 0 2.81368036643733
485097.669999999 685 0 3.47800680079649
485111.359999999 684 0 2.84079818287696
485125.049999999 685 0 2.30116662445686
485138.749999999 685 0 1.31160969759025
485152.449999999 685 0 1.43678967852864
485166.139999999 684 0 1.461621221803
485179.829999999 685 0 1.5472677612146
485193.529999999 685 0 0.644220367761825
485207.229999999 685 0 2.45465332843203
485220.929999999 685 0 4.69903397784587
485234.619999999 684 0 4.24171445569819
485248.309999999 685 0 2.29151015037742
485262.009999999 685 0 0.747076852740112
485275.709999999 685 0 0.998874704817184
485289.409999999 685 0 3.39548794173406
485303.099999999 684 0 3.41281981854775
485316.789999999 685 0 3.25641800828764
485330.489999999 685 0 2.28347645400661
485344.189999999 685 0 2.27167483931853
485357.879999999 684 0 0.386413155482403
485371.569999999 685 0 -1.24990203493015
485385.269999999 685 0 0.722104787534232
485398.969999999 685 0 -1.57144257373227
485412.669999999 685 0 0.104465790367882
485426.359999999 684 0 0.347195392473986
485440.049999999 685 0 1.62076945601555
485453.749999999 685 0 1.09244114939219
485467.449999999 685 0 1.68871338776501
485481.139999999 684 0 1.67553314933405
485494.829999999 685 0 -0.204422205695779
485508.529999999 685 0 1.75490088818537
485515.389999999 1 0 6.88319587477379
485515.409999999 1 0 4.22969258283968
485515.429999999 1 0 -1.37180861594703
485515.449999999 1 0 -1.818891114243
485515.469999999 1 0 4.23884785584233
485515.489999999 1 0 2.18425200616477
485515.509999999 1 0 1.86076569340455
485515.529999999 1 0.387899418985942 -3.00602484691968
485515.549999999 1 16.2193643178316 -3.11207342586702
485515.569999999 1 68.0169334324407 2.75798244766404
485515.589999999 1 237.176265187715 3.40114037610006
485515.609999999 1 574.89582422465 2.79765529734218
485515.629999999 1 1002.20779617659 -2.4811225281012
485515.649999999 1 1375.20932668423 -3.07011175793822
485515.669999999 1 1622.08617048923 -3.74836489955104
485515.689999999 1 1758.90147382235 -1.25507888516327
485515.709999999 1 1837.99717819049 1.55406404781585
485515.729999999 1 1829.82056296215 -8.63804362238189
485515.749999999 1 1725.74064284327 -9.05994911992058
485515.769999999 1 1484.57672916326 -18.7317321078012
485515.789999999 1 1145.80776824009 -33.9844169302125
485515.809999999 1 825.693766672705 -38.6421620703096
485515.829999999 1 564.241414757163 -51.4427596068451
485515.849999999 1 370.666822670166 -71.6057225163433
485515.869999999 1 245.267713227484 -79.664651576924
485515.889999999 1 171.427356414466 -88.555184601912
485515.909999999 1 117.247686501075 -113.227882404631
485515.939999999 2 53.6956199517074 -149.549520694094
485515.969999999 1 14.7043366117181 -167.626225768114
485515.989999999 1 4.65985860517457 -181.93668041067
485516.009999999 1 0.649447710889214 -200.038943955155
485516.029999999 1 0 -212.60684496954
485516.049999999 1 0 -219.781527245948
485516.079999999 2 0 -234.355958926747
485516.119999999 2 0 -267.08682285063
485516.169999999 3 0 -294.94555565827
485516.229999999 3 0 -329.549181537473
485516.299999999 4 0 -378.588320545316
485516.389999999 5 0 -409.846368071868
485516.509999999 7 0 -457.831486293535
485516.659999999 8 0 -517.461604964814
485516.839999999 10 0 -554.783952740437
485517.069999999 13 0 -604.766097583209
485517.359999999 16 0 -634.385551513885
485517.729999999 21 0 -645.356799710314
485518.199999999 26 0 -646.055850636324
485518.779999999 32 0 -644.254292080606
485519.519999999 42 0 -642.600590240687
485520.449999999 51 0 -626.873269480479
485521.609999999 65 0 -615.237218066927
485523.079999999 82 0 -581.91007018177
485524.929999999 103 0 -565.973331854753
485527.259999999 130 0 -540.979115655747
485530.189999999 163 0 -515.714315729557
485533.879999999 206 0 -480.567171390175
485538.529999999 259 0 -426.564461562272
485544.379999999 326 0 -384.978603978508
485551.739999999 410 0 -353.009700105259
485561.009999999 517 0 -296.711665963253
485572.679999999 650 0 -262.524050756653
485587.369999999 819 0 -216.4094859344
485605.869999999 1031 0 -173.859164784294
485629.159999999 1298 0 -135.335795366654
485658.469999999 1633 0 -102.527870593695
485695.369999999 2057 0 -68.3552163489517
485741.829999999 2589 0 -45.4812453024817
485800.319999999 3260 0 -31.7026979946461
485873.959999999 4104 0 -18.1826611175133
485966.659999999 5166 0 -11.7666878905205
486083.359999999 6504 0 -7.75979806523414
486230.279999999 8188 0 -6.16042209225533
486415.239999999 10308 0 -2.72489018344136
486648.089999999 12977 0 -2.81003037290026
486941.229999999 16337 0 -3.57945542712278
487310.269999999 20567 0 -0.833394438627893
487774.869999999 25893 0 -2.47656628325078
488339.149999999 30535 0 -0.917556785819939
517144.499999999 2850000 0 NaN
545646.999999999 250 1000 NaN
545651.999999999 250 1000 -1477.25901324478
575649.499999999 2999500 0 NaN
605651.349999999 685 0 2.49326761497669
605665.049999999 685 0 2.45635248500103
605678.739999999 684 0 0.0423093635004503
605692.429999999 685 0 2.01014541791918
605706.129999999 685 0 2.26140976929454
605719.829999999 685 0 3.89804847213832
605733.519999999 684 0 2.0167497272477
605747.209999999 685 0 1.11788275785869
605760.909999999 685 0 3.05349235812679
605774.609999999 685 0 -0.87575144795913
605788.309999999 685 0 -1.98769499509618
605801.999999999 684 0 -1.01011983034691
605815.689999999 685 0 0.0474820973063231
605829.389999999 685 0 -0.4948865221481
605843.089999999 685 0 0.656732102227416
605856.779999998 684 0 2.79603099413034
605870.469999998 685 0 2.7131890785701
605884.169999998 685 0 2.42058788994168
605897.869999998 685 0 2.36754745065555
605911.569999998 685 0 -1.21503784622002
605925.259999998 684 0 -1.76965502047933
605938.949999998 685 0 -1.11621547301978
605952.649999998 685 0 -0.621590154359921
605966.349999998 685 0 -0.264890916911278
605980.049999998 685 0 0.624852372403216
605993.739999998 684 0 2.4830027515057
606007.429999998 685 0 -1.01955717469109
606021.129999998 685 0 -2.6080427056375
606034.829999998 685 0 -2.03954368959977
606048.519999998 684 0 -0.360598496394327
606062.209999998 685 0 -1.22442255793783
606075.909999998 685 0 0.672622403921891
606089.609999998 685 0 2.80478635980338
606103.309999998 685 0 1.8716891773468
606116.999999997 684 0 -3.29282675781426
606130.689999997 685 0 -1.06295005013919
606144.389999997 685 0 2.67534616971228
606158.089999997 685 0 1.15300581553977
606171.779999997 684 0 -1.01301096918988
606185.469999997 685 0 -1.53949871662958
606199.169999997 685 0 -0.743210493872973
606212.869999997 685 0 -0.195060241552777
606226.569999997 685 0 -1.35114401063238
606240.259999997 684 0 -1.75813508144778
606253.949999997 685 0 -2.46938041573355
606267.649999997 685 0 -1.57923282421707
606281.349999997 685 0 -0.590363099715758
606295.039999997 684 0 1.35342967468938
606308.729999997 685 0 3.65236527319804
606322.429999997 685 0 1.23806743473179
606336.129999997 685 0 1.99499466625802
606349.829999997 685 0 2.78593340285499
606363.519999997 684 0 0.979628399712232
606377.209999997 685 0 -1.33238906633903
606390.909999996 685 0 -2.38288090634127
606404.609999996 685 0 -2.25066740362523
606418.309999996 685 0 -1.37018296886928
606431.999999996 684 0 -1.4313928912637
606445.689999996 685 0 -0.846558155906557
606459.389999996 685 0 -1.98287121317714
606473.089999996 685 0 -1.04256898679667
606486.779999996 684 0 -3.06603966991899
606500.469999996 685 0 -2.55985166521434
606514.169999996 685 0 -2.64037574399117
606527.869999996 685 0 -1.73762461606377
606541.569999996 685 0 -1.88643789844294
606555.259999996 684 0 -0.346484117181897
606568.949999996 685 0 -2.78859204019887
606582.649999996 685 0 -0.438091529906754
606596.349999996 685 0 -1.16718428118856
606610.039999996 684 0 2.32946007844863
606623.729999996 685 0 1.72452094827965
606637.429999996 685 0 2.77808013887183
606644.289999996 1 0 4.7338558429095
606644.309999996 1 0 9.50909365320725
606644.329999996 1 0 0.430114592248114
606644.349999996 1 0 -0.0894471506521572
606644.369999996 1 0 0.913818182554674
606644.389999996 1 0 7.13406324843701
606644.409999996 1 0 8.85372869410103
606644.429999996 1 0.973531383498069 6.12698321814575
606644.449999996 1 40.8494717481133 5.47238119845642
606644.469999996 1 171.354788849345 13.12618942867
606644.489999996 1 596.295139286264 19.0198964241246
606644.509999996 1 1443.15865494004 6.40469316589273
606644.529999996 1 2510.22371404786 -0.29772961146239
606644.549999996 1 3440.12939356308 6.2444758883464
606644.569999996 1 4055.22167975365 5.16339073461706
606644.589999996 1 4396.60635446733 0.155456402168675
606644.609999996 1 4593.41457978121 -4.24822991210495
606644.629999996 1 4571.56066379681 -23.7947377727581
606644.649999996 1 4311.97126519974 -34.8794845607141
606644.669999996 1 3711.8431824598 -41.0829449594249
606644.689999996 1 2866.63340087577 -55.7588475826694
606644.709999996 1 2066.84245205133 -74.6988186068972
606644.729999996 1 1412.98173152323 -96.6089127810673
606644.749999996 1 928.119619157552 -116.818414994996
606644.769999996 1 613.773050127933 -134.879479810969
606644.789999996 1 428.949461230991 -153.250298030199
606644.809999996 1 293.43105186459 -168.710502374004
606644.839999996 2 134.421749797458 -196.166784639236
606644.869999996 1 36.8484693239647 -220.932942520524
606644.889999996 1 11.696481792466 -232.237415860543
606644.909999996 1 1.63325593068157 -247.670917324757
606644.929999996 1 0 -264.378527615173
606644.949999996 1 0 -277.594927133912
606644.979999996 2 0 -312.494064880588
606645.019999996 2 0 -366.288160225897
606645.069999996 3 0 -416.340546357651
606645.129999996 3 0 -468.089964065701
606645.199999996 4 0 -515.634695490715
606645.289999996 5 0 -579.966433768129
606645.409999996 7 0 -638.654589288348
606645.559999996 8 0 -693.559892270435
606645.739999996 10 0 -738.913112009583
606645.969999996 13 0 -798.46534588473
606646.259999996 16 0 -830.699539916197
606646.629999996 21 0 -859.822660884433
606647.099999996 26 0 -878.628593513853
606647.679999996 32 0 -867.159842444679
606648.419999996 42 0 -861.099548989939
606649.349999996 51 0 -845.71520582807
606650.509999996 65 0 -823.35482411961
606651.979999996 82 0 -804.918341150489
606653.829999996 103 0 -761.717874868504
606656.159999996 130 0 -740.006750451102
606659.089999996 163 0 -688.551120693887
606662.779999996 206 0 -641.778843131196
606667.429999996 259 0 -605.914917685483
606673.279999996 326 0 -547.876360788246
606680.639999996 410 0 -476.216304716385
606689.909999996 517 0 -419.013610609515
606701.579999997 650 0 -354.408074918401
606716.269999996 819 0 -273.784769492428
606734.769999996 1031 0 -214.171304248427
606758.059999996 1298 0 -155.816943196978
606787.369999996 1633 0 -117.95034985062
606824.269999996 2057 0 -88.3698610308715
606870.729999996 2589 0 -56.031078157872
606929.219999996 3260 0 -36.1363596152226
607002.859999996 4104 0 -18.1549050030197
607095.559999996 5166 0 -12.1976040624113
607212.259999996 6504 0 -10.0146060256593
607359.179999996 8188 0 -4.85122096243248
607544.139999996 10308 0 -3.98404518973281
607776.989999996 12977 0 -1.85925118517582
608070.129999996 16337 0 -1.19019486477497
608439.169999996 20567 0 0.564047165729591
608903.769999997 25893 0 2.6410226529752
609468.049999997 30535 0 1.05194694604175
638273.399999997 2850000 0 NaN
666775.899999997 250 1000 NaN
666780.899999997 250 1000 -1445.23014879997
696778.399999997 2999500 0 NaN
726780.249999997 685 0 0.218315524356899
726793.949999997 685 0 -1.89570300342961
726807.639999996 684 0 -2.51892531281198
726821.329999996 685 0 -1.36755485074884
726835.029999996 685 0 -1.75239082053574
726848.729999996 685 0 -0.275405126359342
726862.419999996 684 0 -0.783026072351449
726876.109999996 685 0 -0.781331276298046
726889.809999996 685 0 -0.0145049058377166
726903.509999996 685 0 0.433672856033553
726917.209999996 685 0 1.1218394765002
726930.899999996 684 0 0.0736193706797495
726944.589999996 685 0 -1.1844260013123
726958.289999996 685 0 -1.39908916949761
726971.989999996 685 0 -0.884928285867286
726985.679999996 684 0 0.430899633170554
726999.369999996 685 0 0.411916970292914
727013.069999996 685 0 0.536348908624202
727026.769999996 685 0 -2.32160864245114
727040.469999996 685 0 -2.16206005067475
727054.159999996 684 0 -0.831131410321506
727067.849999995 685 0 -0.333803822823902
727081.549999995 685 0 -0.778830282924876
727095.249999995 685 0 -0.786187914732114
727108.949999995 685 0 -0.366369362788158
727122.639999995 684 0 0.311597491523934
727136.329999995 685 0 0.301011196021414
727150.029999995 685 0 0.0252202915084409
727163.729999995 685 0 -0.180972578479158
727177.419999995 684 0 0.0707596027009895
727191.109999995 685 0 0.904404666360255
727204.809999995 685 0 0.142135466690614
727218.509999995 685 0 0.844556245781084
727232.209999995 685 0 0.841362341919257
727245.899999995 684 0 0.941756588677816
727259.589999995 685 0 1.47636405816569
727273.289999995 685 0 1.68716171304627
727286.989999995 685 0 0.807849531919876
727300.679999995 684 0 0.833968809020269
727314.369999995 685 0 -0.0680269158251486
727328.069999995 685 0 0.413429344542117
727341.769999994 685 0 1.01898299152191
727355.469999994 685 0 -0.000844670489884082
727369.159999994 684 0 -0.455486643939016
727382.849999994 685 0 -0.461360749868967
727396.549999994 685 0 -0.971327833489267
727410.249999994 685 0 0.395235745454745
727423.939999994 684 0 0.647410044238249
727437.629999994 685 0 0.274581610239734
727451.329999994 685 0 0.37144122433426
727465.029999994 685 0 -0.038105211540937
727478.729999994 685 0 -0.888991773597342
727492.419999994 684 0 -1.11693253135812
727506.109999994 685 0 -0.95686818242396
727519.809999994 685 0 -0.862990714736307
727533.509999994 685 0 -0.615444996905681
727547.209999994 685 0 0.63573457614574
727560.899999994 684 0 -0.367142525900988
727574.589999994 685 0 0.318654726927026
727588.289999994 685 0 0.432872187313391
727601.989999994 685 0 0.534206274020936
727615.679999993 684 0 1.20913799310178
727629.369999993 685 0 1.1281871881377
727643.069999993 685 0 1.68994087301706
727656.769999993 685 0 1.10906887306365
727670.469999993 685 0 0.55444101449353
727684.159999993 684 0 0.768978417113316
727697.849999993 685 0 -0.0375789504103073
727711.549999993 685 0 0.0806744316468838
727725.249999993 685 0 0.956949334247946
727738.939999993 684 0 0.995045648245178
727752.629999993 685 0 0.749838013287133
727766.329999993 685 0 0.759779336645209
727773.189999993 1 0 -2.10860570283269
727773.209999993 1 0 0.157324365322651
727773.229999993 1 0 2.91592256193299
727773.249999993 1 0 -2.95146302363896
727773.269999993 1 0 -0.628884703779733
727773.289999993 1 0 5.46852711598375
727773.309999993 1 0 7.778230833183
727773.329999993 1 1.96373958092631 -1.87772116179717
727773.349999993 1 81.4010876570519 1.1091866553167
727773.369999993 1 339.9901397586 10.9625492244165
727773.389999993 1 1199.96352644272 7.52674692789152
727773.409999993 1 2897.90279569727 5.23335104072823
727773.429999993 1 5015.13470928206 6.8555509758849
727773.449999993 1 6869.60054474346 -1.52667366260189
727773.469999993 1 8100.81082823329 -11.0607460857343
727773.489999993 1 8785.5328986506 -20.6282924757827
727773.509999993 1 9202.53407148503 -25.1859018174133
727773.529999993 1 9269.42016997573 -36.4726368159901
727773.549999993 1 8872.86664701075 -47.5877104457673
727773.569999993 1 7735.48259791285 -68.6291027263841
727773.589999993 1 6030.14755057889 -86.5539828564433
727773.609999993 1 4381.97065278359 -102.782848662762
727773.629999993 1 3016.44609397335 -129.031588565916
727773.649999993 1 1997.05080797167 -153.978276986725
727773.669999993 1 1330.30433154943 -184.499668359302
727773.689999993 1 931.118407978242 -210.270331350349
727773.709999993 1 637.421590562591 -233.588811688093
727773.739999993 2 293.322364052168 -271.267623832772
727773.769999993 1 82.4696235436131 -304.006021783397
727773.789999993 1 27.878060596175 -323.378007252437
727773.809999993 1 5.6176353666448 -356.012550074938
727773.829999993 1 0 -381.433882180478
727773.849999994 1 0 -403.189385755301
727773.879999994 2 0 -435.305511244027
727773.919999994 2 0 -479.280862396277
727773.969999994 3 0 -529.204279977434
727774.029999994 3 0 -591.456417065782
727774.099999994 4 0 -622.433783949234
727774.189999994 5 0 -670.425796554684
727774.309999994 7 0 -745.706418458609
727774.459999994 8 0 -840.578476499294
727774.639999994 10 0 -922.222983844227
727774.869999994 13 0 -960.786710345068
727775.159999994 16 0 -972.306314719257
727775.529999994 21 0 -1003.6666576056
727775.999999994 26 0 -1017.16789657326
727776.579999994 32 0 -1013.64894373799
727777.319999994 42 0 -997.634742772388
727778.249999994 51 0 -965.045292314068
727779.409999994 65 0 -944.142278774327
727780.879999994 82 0 -919.23092618605
727782.729999994 103 0 -886.827284570736
727785.059999994 130 0 -838.615703709619
727787.989999994 163 0 -780.292874411866
727791.679999994 206 0 -727.267208963848
727796.329999994 259 0 -654.653758766713
727802.179999994 326 0 -609.502173654476
727809.539999994 410 0 -549.826316094661
727818.809999994 517 0 -470.705140199592
727830.479999994 650 0 -398.60848592734
727845.169999994 819 0 -308.477527962264
727863.669999994 1031 0 -244.711860661775
727886.959999994 1298 0 -178.902907318395
727916.269999994 1633 0 -128.682051644718
727953.169999994 2057 0 -90.121483304469
727999.629999994 2589 0 -56.1107845965888
728058.119999994 3260 0 -35.0005971366224
728131.759999994 4104 0 -18.2700994412359
728224.459999994 5166 0 -7.54242986429985
728341.159999994 6504 0 -4.32045412595838
728488.079999994 8188 0 -1.67080977663634
728673.039999994 10308 0 1.48096432979354
728905.889999994 12977 0 2.40212693636012
729199.029999994 16337 0 2.40830969158966
729568.069999994 20567 0 0.553477314325814
730032.669999994 25893 0 0.59441168103374
730596.949999994 30535 0 0.919483106044478
759402.299999994 2850000 0 NaN
787904.799999994 250 1000 NaN
787909.799999994 250 1000 NaN
817907.299999994 2999500 0 NaN
