i_step,time,i_sub_step,number_of_samples,ATP_concentration
0,0.0068499999999999,0,685.0,0.0
1,0.02055,0,685.0,0.0
2,0.03424,0,684.0,0.0
3,0.04793,0,685.0,0.0
4,0.06163,0,685.0,0.0
5,0.0753299999999999,0,685.0,0.0
6,0.08902,0,684.0,0.0
7,0.10271,0,685.0,0.0
8,0.11641,0,685.0,0.0
9,0.13011,0,685.0,0.0
10,0.14381,0,685.0,0.0
11,0.1575,0,684.0,0.0
12,0.17119,0,685.0,0.0
13,0.18489,0,685.0,0.0
14,0.19859,0,685.0,0.0
15,0.21228,0,684.0,0.0
16,0.22597,0,685.0,0.0
17,0.23967,0,685.0,0.0
18,0.25337,0,685.0,0.0
19,0.26707,0,685.0,0.0
20,0.28076,0,684.0,0.0
21,0.29445,0,685.0,0.0
22,0.30815,0,685.0,0.0
23,0.32185,0,685.0,0.0
24,0.33555,0,685.0,0.0
25,0.34924,0,684.0,0.0
26,0.36293,0,685.0,0.0
27,0.37663,0,685.0,0.0
28,0.39033,0,685.0,0.0
29,0.40402,0,684.0,0.0
30,0.41771,0,685.0,0.0
31,0.43141,0,685.0,0.0
32,0.44511,0,685.0,0.0
33,0.45881,0,685.0,0.0
34,0.4725,0,684.0,0.0
35,0.48619,0,685.0,0.0
36,0.49989,0,685.0,0.0
37,0.51359,0,685.0,0.0
38,0.52728,0,684.0,0.0
39,0.5409700000000011,0,685.0,0.0
40,0.554670000000001,0,685.0,0.0
41,0.568370000000001,0,685.0,0.0
42,0.582070000000001,0,685.0,0.0
43,0.5957600000000011,0,684.0,0.0
44,0.6094500000000009,0,685.0,0.0
45,0.623150000000001,0,685.0,0.0
46,0.636850000000001,0,685.0,0.0
47,0.650540000000001,0,684.0,0.0
48,0.664230000000001,0,685.0,0.0
49,0.6779300000000009,0,685.0,0.0
50,0.691630000000001,0,685.0,0.0
51,0.7053300000000009,0,685.0,0.0
52,0.719020000000001,0,684.0,0.0
53,0.732710000000001,0,685.0,0.0
54,0.746410000000001,0,685.0,0.0
55,0.7601100000000011,0,685.0,0.0
56,0.773810000000001,0,685.0,0.0
57,0.787500000000001,0,684.0,0.0
58,0.801190000000001,0,685.0,0.0
59,0.814890000000002,0,685.0,0.0
60,0.8285900000000019,0,685.0,0.0
61,0.842280000000002,0,684.0,0.0
62,0.855970000000002,0,685.0,0.0
63,0.869670000000002,0,685.0,0.0
64,0.8833700000000021,0,685.0,0.0
65,0.897070000000002,0,685.0,0.0
66,0.910760000000002,0,684.0,0.0
67,0.924450000000002,0,685.0,0.0
68,0.938150000000002,0,685.0,0.0
69,0.951850000000002,0,685.0,0.0
70,0.965540000000002,0,684.0,0.0
71,0.979230000000002,0,685.0,0.0
72,0.992930000000002,0,685.0,0.0
73,0.9999000000000019,0,12.0,0.0
74,1.00003,0,0.1140336559724426,0.0
74,1.00007,1,4.885966344027557,92.6122635500175
75,1.00017,0,4.453762103186655,92.6122635500175
75,1.00021,1,0.546237896813345,0.0
76,1.00027,0,5.0,0.0
77,1.0003775,0,5.0,0.0
78,1.00047,0,6.0,0.0
79,1.0006,0,6.0,0.0
80,1.000745,0,9.0,0.0
81,1.00091,0,7.0,0.0
82,1.00106,0,8.0,0.0
83,1.00124,0,10.0,0.0
84,1.00147,0,13.0,0.0
85,1.00176,0,16.0,0.0
86,1.00213,0,21.0,0.0
87,1.0026,0,26.0,0.0
88,1.00318,0,32.0,0.0
89,1.00392,0,42.0,0.0
90,1.00485,0,51.0,0.0
91,1.00601,0,65.0,0.0
92,1.00748,0,82.0,0.0
93,1.00933,0,103.0,0.0
94,1.01166,0,130.0,0.0
95,1.01459,0,163.0,0.0
96,1.01828,0,206.0,0.0
97,1.02293,0,259.0,0.0
98,1.02878,0,326.0,0.0
99,1.03614,0,410.0,0.0
100,1.04541,0,517.0,0.0
101,1.05708,0,650.0,0.0
102,1.07177,0,819.0,0.0
103,1.09027,0,1031.0,0.0
104,1.11356,0,1298.0,0.0
105,1.14287,0,1633.0,0.0
106,1.17977,0,2057.0,0.0
107,1.22623,0,2589.0,0.0
108,1.28472,0,3260.0,0.0
109,1.35836,0,4104.0,0.0
110,1.45106,0,5166.0,0.0
111,1.56776,0,6504.0,0.0
112,1.71468,0,8188.0,0.0
113,1.89964,0,10308.0,0.0
114,2.13249,0,12977.0,0.0
115,2.42563,0,16337.0,0.0
116,2.79467,0,20567.0,0.0
117,3.25927,0,25893.0,0.0
118,3.82355,0,30535.0,0.0
119,32.6289,0,2850000.0,0.0
120,61.1314,0,0.0,0.0
120,61.1314,1,250.0,1000.0
121,61.1364,0,250.0,1000.0
122,91.1339,0,2999500.0,0.0
123,121.13575,0,685.0,0.0
124,121.14945,0,685.0,0.0
125,121.16314,0,684.0,0.0
126,121.17683,0,685.0,0.0
127,121.19053,0,685.0,0.0
128,121.20423,0,685.0,0.0
129,121.21792,0,684.0,0.0
130,121.23161,0,685.0,0.0
131,121.24531,0,685.0,0.0
132,121.25901,0,685.0,0.0
133,121.27271,0,685.0,0.0
134,121.2864,0,684.0,0.0
135,121.30009,0,685.0,0.0
136,121.31379,0,685.0,0.0
137,121.32749,0,685.0,0.0
138,121.34118,0,684.0,0.0
139,121.35487,0,685.0,0.0
140,121.36857,0,685.0,0.0
141,121.38227,0,685.0,0.0
142,121.39597,0,685.0,0.0
143,121.40966,0,684.0,0.0
144,121.42335,0,685.0,0.0
145,121.43705,0,685.0,0.0
146,121.45075,0,685.0,0.0
147,121.46445,0,685.0,0.0
148,121.47814,0,684.0,0.0
149,121.49183,0,685.0,0.0
150,121.50553,0,685.0,0.0
151,121.51923,0,685.0,0.0
152,121.53292,0,684.0,0.0
153,121.54661,0,685.0,0.0
154,121.56031,0,685.0,0.0
155,121.57401,0,685.0,0.0
156,121.58771,0,685.0,0.0
157,121.6014,0,684.0,0.0
158,121.61509,0,685.0,0.0
159,121.62879,0,685.0,0.0
160,121.64249,0,685.0,0.0
161,121.65618,0,684.0,0.0
162,121.66987,0,685.0,0.0
163,121.68357,0,685.0,0.0
164,121.69727,0,685.0,0.0
165,121.71097,0,685.0,0.0
166,121.72466,0,684.0,0.0
167,121.73835,0,685.0,0.0
168,121.75205,0,685.0,0.0
169,121.76575,0,685.0,0.0
170,121.77944,0,684.0,0.0
171,121.79313,0,685.0,0.0
172,121.80683,0,685.0,0.0
173,121.82053,0,685.0,0.0
174,121.83423,0,685.0,0.0
175,121.84792,0,684.0,0.0
176,121.86161,0,685.0,0.0
177,121.87531,0,685.0,0.0
178,121.88901,0,685.0,0.0
179,121.90271,0,685.0,0.0
180,121.9164,0,684.0,0.0
181,121.93009,0,685.0,0.0
182,121.94379,0,685.0,0.0
183,121.95749,0,685.0,0.0
184,121.97118,0,684.0,0.0
185,121.98487,0,685.0,0.0
186,121.99857,0,685.0,0.0
187,122.01227,0,685.0,0.0
188,122.025970000001,0,685.0,0.0
189,122.039660000001,0,684.0,0.0
190,122.053350000001,0,685.0,0.0
191,122.067050000001,0,685.0,0.0
192,122.080750000001,0,685.0,0.0
193,122.094440000001,0,684.0,0.0
194,122.108130000001,0,685.0,0.0
195,122.121830000001,0,685.0,0.0
196,122.128730000001,0,5.0,0.0
197,122.12883,0,5.0,0.0
198,122.12891,0,2.1158772390141234,0.0
198,122.12894999999999,1,2.8841227609858766,184.56358751690104
199,122.12903000000001,0,5.0,184.563587516901
200,122.1291,0,1.4530983785804512,184.563587516901
200,122.12914,1,3.546901621419549,0.0
201,122.1292275,0,5.0,0.0
202,122.129332,0,6.0,0.0
203,122.129445,0,5.0,0.0
204,122.129565,0,7.0,0.0
205,122.12969,0,5.0,0.0
206,122.12981,0,7.0,0.0
207,122.12996,0,8.0,0.0
208,122.13014,0,10.0,0.0
209,122.13037,0,13.0,0.0
210,122.13066,0,16.0,0.0
211,122.13103,0,21.0,0.0
212,122.1315,0,26.0,0.0
213,122.13208,0,32.0,0.0
214,122.13282,0,42.0,0.0
215,122.13375,0,51.0,0.0
216,122.13491,0,65.0,0.0
217,122.13638,0,82.0,0.0
218,122.13823,0,103.0,0.0
219,122.14056,0,130.0,0.0
220,122.14349,0,163.0,0.0
221,122.14718,0,206.0,0.0
222,122.15183,0,259.0,0.0
223,122.15768,0,326.0,0.0
224,122.16504,0,410.0,0.0
225,122.17431,0,517.0,0.0
226,122.18598,0,650.0,0.0
227,122.20067,0,819.0,0.0
228,122.21917,0,1031.0,0.0
229,122.24246,0,1298.0,0.0
230,122.27177,0,1633.0,0.0
231,122.30867,0,2057.0,0.0
232,122.35513,0,2589.0,0.0
233,122.41362,0,3260.0,0.0
234,122.48726,0,4104.0,0.0
235,122.57996,0,5166.0,0.0
236,122.69666,0,6504.0,0.0
237,122.84358,0,8188.0,0.0
238,123.02854,0,10308.0,0.0
239,123.26139,0,12977.0,0.0
240,123.55453,0,16337.0,0.0
241,123.92357,0,20567.0,0.0
242,124.38817,0,25893.0,0.0
243,124.95245,0,30535.0,0.0
244,153.7578,0,2850000.0,0.0
245,182.2603,0,0.0,0.0
245,182.2603,1,250.0,1000.0
246,182.2653,0,250.0,1000.0
247,212.2628,0,2999500.0,0.0
248,242.26465,0,685.0,0.0
249,242.27835,0,685.0,0.0
250,242.29204,0,684.0,0.0
251,242.30573,0,685.0,0.0
252,242.31943,0,685.0,0.0
253,242.33313,0,685.0,0.0
254,242.34682,0,684.0,0.0
255,242.36051,0,685.0,0.0
256,242.37421,0,685.0,0.0
257,242.38791,0,685.0,0.0
258,242.40161,0,685.0,0.0
259,242.4153,0,684.0,0.0
260,242.42899,0,685.0,0.0
261,242.44269,0,685.0,0.0
262,242.45639,0,685.0,0.0
263,242.47008,0,684.0,0.0
264,242.48377,0,685.0,0.0
265,242.49747,0,685.0,0.0
266,242.51117,0,685.0,0.0
267,242.52487,0,685.0,0.0
268,242.53856,0,684.0,0.0
269,242.55225,0,685.0,0.0
270,242.56595,0,685.0,0.0
271,242.57965,0,685.0,0.0
272,242.59335,0,685.0,0.0
273,242.60704,0,684.0,0.0
274,242.62073,0,685.0,0.0
275,242.634430000001,0,685.0,0.0
276,242.648130000001,0,685.0,0.0
277,242.661820000001,0,684.0,0.0
278,242.675510000001,0,685.0,0.0
279,242.689210000001,0,685.0,0.0
280,242.702910000001,0,685.0,0.0
281,242.716610000001,0,685.0,0.0
282,242.730300000001,0,684.0,0.0
283,242.743990000001,0,685.0,0.0
284,242.757690000001,0,685.0,0.0
285,242.771390000001,0,685.0,0.0
286,242.785080000001,0,684.0,0.0
287,242.798770000001,0,685.0,0.0
288,242.812470000001,0,685.0,0.0
289,242.826170000001,0,685.0,0.0
290,242.839870000001,0,685.0,0.0
291,242.853560000001,0,684.0,0.0
292,242.867250000001,0,685.0,0.0
293,242.880950000001,0,685.0,0.0
294,242.894650000001,0,685.0,0.0
295,242.908340000001,0,684.0,0.0
296,242.922030000001,0,685.0,0.0
297,242.935730000001,0,685.0,0.0
298,242.949430000001,0,685.0,0.0
299,242.963130000001,0,685.0,0.0
300,242.976820000001,0,684.0,0.0
301,242.990510000001,0,685.0,0.0
302,243.004210000001,0,685.0,0.0
303,243.017910000001,0,685.0,0.0
304,243.031610000001,0,685.0,0.0
305,243.045300000001,0,684.0,0.0
306,243.058990000001,0,685.0,0.0
307,243.072690000001,0,685.0,0.0
308,243.086390000001,0,685.0,0.0
309,243.100080000001,0,684.0,0.0
310,243.113770000001,0,685.0,0.0
311,243.127470000001,0,685.0,0.0
312,243.141170000001,0,685.0,0.0
313,243.154870000001,0,685.0,0.0
314,243.168560000001,0,684.0,0.0
315,243.182250000001,0,685.0,0.0
316,243.195950000001,0,685.0,0.0
317,243.209650000001,0,685.0,0.0
318,243.223340000001,0,684.0,0.0
319,243.237030000001,0,685.0,0.0
320,243.250730000001,0,685.0,0.0
321,243.25763000000103,0,5.0,0.0
322,243.257730000001,0,5.0,0.0
323,243.257810000001,0,2.115257097014114,0.0
323,243.257850000001,1,2.884742902985886,457.270692283372
324,243.25793000000098,0,5.0,457.27069228337206
325,243.258000000001,0,1.5412935677719144,457.270692283372
325,243.25804000000102,1,3.4587064322280856,0.0
326,243.258127500001,0,5.0,0.0
327,243.258232000001,0,6.0,0.0
328,243.258345000001,0,5.0,0.0
329,243.258465000001,0,7.0,0.0
330,243.258590000001,0,5.0,0.0
331,243.258710000001,0,7.0,0.0
332,243.258860000001,0,8.0,0.0
333,243.259040000001,0,10.0,0.0
334,243.259270000001,0,13.0,0.0
335,243.259560000001,0,16.0,0.0
336,243.259930000001,0,21.0,0.0
337,243.260400000001,0,26.0,0.0
338,243.260980000001,0,32.0,0.0
339,243.261720000001,0,42.0,0.0
340,243.262650000001,0,51.0,0.0
341,243.263810000001,0,65.0,0.0
342,243.265280000001,0,82.0,0.0
343,243.267130000001,0,103.0,0.0
344,243.269460000001,0,130.0,0.0
345,243.272390000001,0,163.0,0.0
346,243.276080000001,0,206.0,0.0
347,243.280730000001,0,259.0,0.0
348,243.286580000001,0,326.0,0.0
349,243.293940000001,0,410.0,0.0
350,243.303210000001,0,517.0,0.0
351,243.314880000001,0,650.0,0.0
352,243.329570000001,0,819.0,0.0
353,243.348070000001,0,1031.0,0.0
354,243.371360000001,0,1298.0,0.0
355,243.400670000001,0,1633.0,0.0
356,243.437570000001,0,2057.0,0.0
357,243.484030000001,0,2589.0,0.0
358,243.542520000002,0,3260.0,0.0
359,243.616160000002,0,4104.0,0.0
360,243.708860000002,0,5166.0,0.0
361,243.825560000002,0,6504.0,0.0
362,243.972480000002,0,8188.0,0.0
363,244.157440000002,0,10308.0,0.0
364,244.390290000002,0,12977.0,0.0
365,244.683430000002,0,16337.0,0.0
366,245.052470000002,0,20567.0,0.0
367,245.517070000002,0,25893.0,0.0
368,246.081350000002,0,30535.0,0.0
369,274.886700000001,0,2850000.0,0.0
370,303.389200000001,0,0.0,0.0
370,303.389200000001,1,250.0,1000.0
371,303.394200000001,0,250.0,1000.0
372,333.391700000001,0,2999500.0,0.0
373,363.393550000001,0,685.0,0.0
374,363.407250000001,0,685.0,0.0
375,363.420940000001,0,684.0,0.0
376,363.434630000001,0,685.0,0.0
377,363.448330000001,0,685.0,0.0
378,363.462030000001,0,685.0,0.0
379,363.475720000001,0,684.0,0.0
380,363.489410000001,0,685.0,0.0
381,363.503110000001,0,685.0,0.0
382,363.516810000001,0,685.0,0.0
383,363.530510000001,0,685.0,0.0
384,363.544200000001,0,684.0,0.0
385,363.557890000001,0,685.0,0.0
386,363.571590000001,0,685.0,0.0
387,363.585290000001,0,685.0,0.0
388,363.5989800000009,0,684.0,0.0
389,363.6126700000009,0,685.0,0.0
390,363.626370000001,0,685.0,0.0
391,363.640070000001,0,685.0,0.0
392,363.653770000001,0,685.0,0.0
393,363.667460000001,0,684.0,0.0
394,363.681150000001,0,685.0,0.0
395,363.694850000001,0,685.0,0.0
396,363.708550000001,0,685.0,0.0
397,363.722250000001,0,685.0,0.0
398,363.735940000001,0,684.0,0.0
399,363.749630000001,0,685.0,0.0
400,363.763330000001,0,685.0,0.0
401,363.777030000001,0,685.0,0.0
402,363.790720000001,0,684.0,0.0
403,363.804410000001,0,685.0,0.0
404,363.818110000001,0,685.0,0.0
405,363.831810000001,0,685.0,0.0
406,363.845510000001,0,685.0,0.0
407,363.859200000001,0,684.0,0.0
408,363.872890000001,0,685.0,0.0
409,363.886590000001,0,685.0,0.0
410,363.900290000001,0,685.0,0.0
411,363.9139800000009,0,684.0,0.0
412,363.927670000001,0,685.0,0.0
413,363.94137,0,685.0,0.0
414,363.95507,0,685.0,0.0
415,363.96877,0,685.0,0.0
416,363.98246,0,684.0,0.0
417,363.99615,0,685.0,0.0
418,364.00985,0,685.0,0.0
419,364.02355,0,685.0,0.0
420,364.03724,0,684.0,0.0
421,364.05093,0,685.0,0.0
422,364.06463,0,685.0,0.0
423,364.07833,0,685.0,0.0
424,364.09203,0,685.0,0.0
425,364.10572,0,684.0,0.0
426,364.11941,0,685.0,0.0
427,364.13311,0,685.0,0.0
428,364.14681,0,685.0,0.0
429,364.16051,0,685.0,0.0
430,364.1742,0,684.0,0.0
431,364.18789,0,685.0,0.0
432,364.20159,0,685.0,0.0
433,364.21529,0,685.0,0.0
434,364.22898,0,684.0,0.0
435,364.24267,0,685.0,0.0
436,364.25637,0,685.0,0.0
437,364.27007,0,685.0,0.0
438,364.28377,0,685.0,0.0
439,364.29746,0,684.0,0.0
440,364.31115,0,685.0,0.0
441,364.32485,0,685.0,0.0
442,364.33855,0,685.0,0.0
443,364.35224,0,684.0,0.0
444,364.36593,0,685.0,0.0
445,364.37963,0,685.0,0.0
446,364.38653000000005,0,5.0,0.0
447,364.38663,0,5.0,0.0
448,364.38671,0,2.1054962638664687,0.0
448,364.38674999999995,1,2.8945037361335313,919.394684167733
449,364.38683000000003,0,5.0,919.3946841677331
450,364.38689999999997,0,1.4046197044109139,919.394684167733
450,364.38694,1,3.595380295589086,0.0
451,364.3870275,0,5.0,0.0
452,364.387132,0,6.0,0.0
453,364.387245,0,5.0,0.0
454,364.38736500000005,0,7.0,0.0
455,364.38749,0,5.0,0.0
456,364.38761,0,7.0,0.0
457,364.38776,0,8.0,0.0
458,364.38794,0,10.0,0.0
459,364.38817,0,13.0,0.0
460,364.38846,0,16.0,0.0
461,364.38883,0,21.0,0.0
462,364.3893,0,26.0,0.0
463,364.38988,0,32.0,0.0
464,364.39062,0,42.0,0.0
465,364.39155,0,51.0,0.0
466,364.39271,0,65.0,0.0
467,364.39418,0,82.0,0.0
468,364.396030000001,0,103.0,0.0
469,364.398360000001,0,130.0,0.0
470,364.401290000001,0,163.0,0.0
471,364.404980000001,0,206.0,0.0
472,364.409630000001,0,259.0,0.0
473,364.415480000001,0,326.0,0.0
474,364.422840000001,0,410.0,0.0
475,364.432110000001,0,517.0,0.0
476,364.443780000001,0,650.0,0.0
477,364.458470000001,0,819.0,0.0
478,364.476970000001,0,1031.0,0.0
479,364.500260000001,0,1298.0,0.0
480,364.529570000001,0,1633.0,0.0
481,364.566470000001,0,2057.0,0.0
482,364.612930000001,0,2589.0,0.0
483,364.671420000001,0,3260.0,0.0
484,364.74506,0,4104.0,0.0
485,364.83776,0,5166.0,0.0
486,364.95446,0,6504.0,0.0
487,365.10138,0,8188.0,0.0
488,365.2863400000001,0,10308.0,0.0
489,365.51919,0,12977.0,0.0
490,365.81233,0,16337.0,0.0
491,366.18137,0,20567.0,0.0
492,366.64597,0,25893.0,0.0
493,367.21025,0,30535.0,0.0
494,396.0155999999999,0,2850000.0,0.0
495,424.5181,0,0.0,0.0
495,424.5181,1,250.0,1000.0
496,424.5231,0,250.0,1000.0
497,454.5206,0,2999500.0,0.0
498,484.52245,0,685.0,0.0
499,484.53615,0,685.0,0.0
500,484.54984,0,684.0,0.0
501,484.56353,0,685.0,0.0
502,484.57723,0,685.0,0.0
503,484.59093,0,685.0,0.0
504,484.60462,0,684.0,0.0
505,484.61831,0,685.0,0.0
506,484.63201,0,685.0,0.0
507,484.64571,0,685.0,0.0
508,484.65941,0,685.0,0.0
509,484.6731,0,684.0,0.0
510,484.68679,0,685.0,0.0
511,484.70049,0,685.0,0.0
512,484.71419,0,685.0,0.0
513,484.72788,0,684.0,0.0
514,484.74157,0,685.0,0.0
515,484.75527,0,685.0,0.0
516,484.76897,0,685.0,0.0
517,484.78267,0,685.0,0.0
518,484.79636,0,684.0,0.0
519,484.81005,0,685.0,0.0
520,484.82375,0,685.0,0.0
521,484.83745,0,685.0,0.0
522,484.85115,0,685.0,0.0
523,484.86484,0,684.0,0.0
524,484.87853,0,685.0,0.0
525,484.89223,0,685.0,0.0
526,484.90593,0,685.0,0.0
527,484.91962,0,684.0,0.0
528,484.93331,0,685.0,0.0
529,484.94701,0,685.0,0.0
530,484.96071,0,685.0,0.0
531,484.974409999999,0,685.0,0.0
532,484.988099999999,0,684.0,0.0
533,485.001789999999,0,685.0,0.0
534,485.015489999999,0,685.0,0.0
535,485.029189999999,0,685.0,0.0
536,485.042879999999,0,684.0,0.0
537,485.056569999999,0,685.0,0.0
538,485.070269999999,0,685.0,0.0
539,485.083969999999,0,685.0,0.0
540,485.097669999999,0,685.0,0.0
541,485.111359999999,0,684.0,0.0
542,485.125049999999,0,685.0,0.0
543,485.138749999999,0,685.0,0.0
544,485.152449999999,0,685.0,0.0
545,485.166139999999,0,684.0,0.0
546,485.179829999999,0,685.0,0.0
547,485.193529999999,0,685.0,0.0
548,485.207229999999,0,685.0,0.0
549,485.220929999999,0,685.0,0.0
550,485.234619999999,0,684.0,0.0
551,485.248309999999,0,685.0,0.0
552,485.262009999999,0,685.0,0.0
553,485.275709999999,0,685.0,0.0
554,485.289409999999,0,685.0,0.0
555,485.303099999999,0,684.0,0.0
556,485.316789999999,0,685.0,0.0
557,485.330489999999,0,685.0,0.0
558,485.344189999999,0,685.0,0.0
559,485.357879999999,0,684.0,0.0
560,485.371569999999,0,685.0,0.0
561,485.385269999999,0,685.0,0.0
562,485.398969999999,0,685.0,0.0
563,485.412669999999,0,685.0,0.0
564,485.426359999999,0,684.0,0.0
565,485.440049999999,0,685.0,0.0
566,485.453749999999,0,685.0,0.0
567,485.467449999999,0,685.0,0.0
568,485.481139999999,0,684.0,0.0
569,485.494829999999,0,685.0,0.0
570,485.508529999999,0,685.0,0.0
571,485.515429999999,0,5.0,0.0
572,485.51552999999893,0,5.0,0.0
573,485.515609999999,0,2.1048267409973844,0.0
573,485.51564999999897,1,2.8951732590026156,1837.9971781904903
574,485.515729999999,0,5.0,1837.99717819049
575,485.515799999999,0,1.4089724606679042,1837.99717819049
575,485.515839999999,1,3.591027539332096,0.0
576,485.515927499999,0,5.0,0.0
577,485.516031999999,0,6.0,0.0
578,485.516144999999,0,5.0,0.0
579,485.51626499999895,0,7.0,0.0
580,485.516389999999,0,5.0,0.0
581,485.516509999999,0,7.0,0.0
582,485.516659999999,0,8.0,0.0
583,485.516839999999,0,10.0,0.0
584,485.517069999999,0,13.0,0.0
585,485.517359999999,0,16.0,0.0
586,485.517729999999,0,21.0,0.0
587,485.518199999999,0,26.0,0.0
588,485.518779999999,0,32.0,0.0
589,485.519519999999,0,42.0,0.0
590,485.520449999999,0,51.0,0.0
591,485.521609999999,0,65.0,0.0
592,485.523079999999,0,82.0,0.0
593,485.524929999999,0,103.0,0.0
594,485.527259999999,0,130.0,0.0
595,485.530189999999,0,163.0,0.0
596,485.533879999999,0,206.0,0.0
597,485.538529999999,0,259.0,0.0
598,485.544379999999,0,326.0,0.0
599,485.551739999999,0,410.0,0.0
600,485.561009999999,0,517.0,0.0
601,485.572679999999,0,650.0,0.0
602,485.587369999999,0,819.0,0.0
603,485.605869999999,0,1031.0,0.0
604,485.629159999999,0,1298.0,0.0
605,485.658469999999,0,1633.0,0.0
606,485.695369999999,0,2057.0,0.0
607,485.741829999999,0,2589.0,0.0
608,485.800319999999,0,3260.0,0.0
609,485.873959999999,0,4104.0,0.0
610,485.966659999999,0,5166.0,0.0
611,486.083359999999,0,6504.0,0.0
612,486.230279999999,0,8188.0,0.0
613,486.415239999999,0,10308.0,0.0
614,486.648089999999,0,12977.0,0.0
615,486.941229999999,0,16337.0,0.0
616,487.310269999999,0,20567.0,0.0
617,487.774869999999,0,25893.0,0.0
618,488.339149999999,0,30535.0,0.0
619,517.144499999999,0,2850000.0,0.0
620,545.6469999999989,0,0.0,0.0
620,545.6469999999989,1,250.0,1000.0
621,545.6519999999989,0,250.0,1000.0
622,575.649499999999,0,2999500.0,0.0
623,605.6513499999991,0,685.0,0.0
624,605.665049999999,0,685.0,0.0
625,605.6787399999989,0,684.0,0.0
626,605.692429999999,0,685.0,0.0
627,605.706129999999,0,685.0,0.0
628,605.719829999999,0,685.0,0.0
629,605.733519999999,0,684.0,0.0
630,605.7472099999991,0,685.0,0.0
631,605.760909999999,0,685.0,0.0
632,605.774609999999,0,685.0,0.0
633,605.788309999999,0,685.0,0.0
634,605.801999999999,0,684.0,0.0
635,605.815689999999,0,685.0,0.0
636,605.829389999999,0,685.0,0.0
637,605.843089999999,0,685.0,0.0
638,605.856779999998,0,684.0,0.0
639,605.870469999998,0,685.0,0.0
640,605.884169999998,0,685.0,0.0
641,605.897869999998,0,685.0,0.0
642,605.9115699999979,0,685.0,0.0
643,605.925259999998,0,684.0,0.0
644,605.9389499999979,0,685.0,0.0
645,605.952649999998,0,685.0,0.0
646,605.966349999998,0,685.0,0.0
647,605.980049999998,0,685.0,0.0
648,605.993739999998,0,684.0,0.0
649,606.007429999998,0,685.0,0.0
650,606.021129999998,0,685.0,0.0
651,606.034829999998,0,685.0,0.0
652,606.048519999998,0,684.0,0.0
653,606.062209999998,0,685.0,0.0
654,606.0759099999981,0,685.0,0.0
655,606.0896099999981,0,685.0,0.0
656,606.1033099999979,0,685.0,0.0
657,606.116999999997,0,684.0,0.0
658,606.130689999997,0,685.0,0.0
659,606.144389999997,0,685.0,0.0
660,606.1580899999971,0,685.0,0.0
661,606.171779999997,0,684.0,0.0
662,606.1854699999969,0,685.0,0.0
663,606.199169999997,0,685.0,0.0
664,606.212869999997,0,685.0,0.0
665,606.2265699999971,0,685.0,0.0
666,606.240259999997,0,684.0,0.0
667,606.2539499999971,0,685.0,0.0
668,606.267649999997,0,685.0,0.0
669,606.2813499999969,0,685.0,0.0
670,606.295039999997,0,684.0,0.0
671,606.3087299999969,0,685.0,0.0
672,606.322429999997,0,685.0,0.0
673,606.336129999997,0,685.0,0.0
674,606.349829999997,0,685.0,0.0
675,606.363519999997,0,684.0,0.0
676,606.377209999997,0,685.0,0.0
677,606.390909999996,0,685.0,0.0
678,606.4046099999961,0,685.0,0.0
679,606.4183099999959,0,685.0,0.0
680,606.431999999996,0,684.0,0.0
681,606.445689999996,0,685.0,0.0
682,606.459389999996,0,685.0,0.0
683,606.473089999996,0,685.0,0.0
684,606.486779999996,0,684.0,0.0
685,606.500469999996,0,685.0,0.0
686,606.5141699999959,0,685.0,0.0
687,606.527869999996,0,685.0,0.0
688,606.541569999996,0,685.0,0.0
689,606.555259999996,0,684.0,0.0
690,606.568949999996,0,685.0,0.0
691,606.582649999996,0,685.0,0.0
692,606.596349999996,0,685.0,0.0
693,606.6100399999959,0,684.0,0.0
694,606.623729999996,0,685.0,0.0
695,606.637429999996,0,685.0,0.0
696,606.644329999996,0,5.0,0.0
697,606.644429999996,0,5.0,0.0
698,606.644509999996,0,2.1003052533037714,0.0
698,606.644549999996,1,2.8996947466962286,4593.41457978121
699,606.6446299999959,0,5.0,4593.41457978121
700,606.644699999996,0,1.4121916832866521,4593.41457978121
700,606.644739999996,1,3.587808316713348,0.0
701,606.644827499996,0,5.0,0.0
702,606.644931999996,0,6.0,0.0
703,606.6450449999959,0,5.0,0.0
704,606.645164999996,0,7.0,0.0
705,606.645289999996,0,5.0,0.0
706,606.645409999996,0,7.0,0.0
707,606.645559999996,0,8.0,0.0
708,606.6457399999961,0,10.0,0.0
709,606.645969999996,0,13.0,0.0
710,606.646259999996,0,16.0,0.0
711,606.6466299999961,0,21.0,0.0
712,606.647099999996,0,26.0,0.0
713,606.647679999996,0,32.0,0.0
714,606.648419999996,0,42.0,0.0
715,606.649349999996,0,51.0,0.0
716,606.6505099999961,0,65.0,0.0
717,606.651979999996,0,82.0,0.0
718,606.653829999996,0,103.0,0.0
719,606.6561599999959,0,130.0,0.0
720,606.659089999996,0,163.0,0.0
721,606.6627799999959,0,206.0,0.0
722,606.667429999996,0,259.0,0.0
723,606.673279999996,0,326.0,0.0
724,606.6806399999961,0,410.0,0.0
725,606.689909999996,0,517.0,0.0
726,606.7015799999971,0,650.0,0.0
727,606.7162699999959,0,819.0,0.0
728,606.7347699999959,0,1031.0,0.0
729,606.758059999996,0,1298.0,0.0
730,606.787369999996,0,1633.0,0.0
731,606.824269999996,0,2057.0,0.0
732,606.870729999996,0,2589.0,0.0
733,606.929219999996,0,3260.0,0.0
734,607.0028599999961,0,4104.0,0.0
735,607.095559999996,0,5166.0,0.0
736,607.212259999996,0,6504.0,0.0
737,607.359179999996,0,8188.0,0.0
738,607.5441399999961,0,10308.0,0.0
739,607.776989999996,0,12977.0,0.0
740,608.0701299999961,0,16337.0,0.0
741,608.439169999996,0,20567.0,0.0
742,608.9037699999969,0,25893.0,0.0
743,609.468049999997,0,30535.0,0.0
744,638.273399999997,0,2850000.0,0.0
745,666.775899999997,0,0.0,0.0
745,666.775899999997,1,250.0,1000.0
746,666.780899999997,0,250.0,1000.0
747,696.778399999997,0,2999500.0,0.0
748,726.780249999997,0,685.0,0.0
749,726.793949999997,0,685.0,0.0
750,726.807639999996,0,684.0,0.0
751,726.821329999996,0,685.0,0.0
752,726.835029999996,0,685.0,0.0
753,726.8487299999961,0,685.0,0.0
754,726.862419999996,0,684.0,0.0
755,726.8761099999961,0,685.0,0.0
756,726.889809999996,0,685.0,0.0
757,726.903509999996,0,685.0,0.0
758,726.917209999996,0,685.0,0.0
759,726.930899999996,0,684.0,0.0
760,726.944589999996,0,685.0,0.0
761,726.9582899999959,0,685.0,0.0
762,726.971989999996,0,685.0,0.0
763,726.985679999996,0,684.0,0.0
764,726.999369999996,0,685.0,0.0
765,727.013069999996,0,685.0,0.0
766,727.026769999996,0,685.0,0.0
767,727.040469999996,0,685.0,0.0
768,727.0541599999959,0,684.0,0.0
769,727.067849999995,0,685.0,0.0
770,727.081549999995,0,685.0,0.0
771,727.095249999995,0,685.0,0.0
772,727.1089499999949,0,685.0,0.0
773,727.122639999995,0,684.0,0.0
774,727.1363299999949,0,685.0,0.0
775,727.150029999995,0,685.0,0.0
776,727.163729999995,0,685.0,0.0
777,727.177419999995,0,684.0,0.0
778,727.191109999995,0,685.0,0.0
779,727.2048099999951,0,685.0,0.0
780,727.218509999995,0,685.0,0.0
781,727.232209999995,0,685.0,0.0
782,727.245899999995,0,684.0,0.0
783,727.259589999995,0,685.0,0.0
784,727.2732899999951,0,685.0,0.0
785,727.286989999995,0,685.0,0.0
786,727.300679999995,0,684.0,0.0
787,727.3143699999949,0,685.0,0.0
788,727.3280699999949,0,685.0,0.0
789,727.341769999994,0,685.0,0.0
790,727.355469999994,0,685.0,0.0
791,727.3691599999939,0,684.0,0.0
792,727.382849999994,0,685.0,0.0
793,727.396549999994,0,685.0,0.0
794,727.410249999994,0,685.0,0.0
795,727.423939999994,0,684.0,0.0
796,727.437629999994,0,685.0,0.0
797,727.4513299999941,0,685.0,0.0
798,727.4650299999939,0,685.0,0.0
799,727.478729999994,0,685.0,0.0
800,727.492419999994,0,684.0,0.0
801,727.506109999994,0,685.0,0.0
802,727.519809999994,0,685.0,0.0
803,727.533509999994,0,685.0,0.0
804,727.547209999994,0,685.0,0.0
805,727.5608999999939,0,684.0,0.0
806,727.574589999994,0,685.0,0.0
807,727.588289999994,0,685.0,0.0
808,727.6019899999941,0,685.0,0.0
809,727.615679999993,0,684.0,0.0
810,727.6293699999931,0,685.0,0.0
811,727.6430699999929,0,685.0,0.0
812,727.656769999993,0,685.0,0.0
813,727.670469999993,0,685.0,0.0
814,727.6841599999931,0,684.0,0.0
815,727.697849999993,0,685.0,0.0
816,727.7115499999929,0,685.0,0.0
817,727.725249999993,0,685.0,0.0
818,727.7389399999929,0,684.0,0.0
819,727.752629999993,0,685.0,0.0
820,727.766329999993,0,685.0,0.0
821,727.7732299999931,0,5.0,0.0
822,727.7733299999929,0,5.0,0.0
823,727.773409999993,0,2.1190786193776523,0.0
823,727.773449999993,1,2.8809213806223477,9269.42016997573
824,727.773529999993,0,5.0,9269.42016997573
825,727.7735999999929,0,1.5478963487251924,9269.42016997573
825,727.7736399999931,1,3.4521036512748076,0.0
826,727.773727499993,0,5.0,0.0
827,727.7738319999934,0,6.0,0.0
828,727.773944999994,0,5.0,0.0
829,727.774064999994,0,7.0,0.0
830,727.774189999994,0,5.0,0.0
831,727.774309999994,0,7.0,0.0
832,727.7744599999941,0,8.0,0.0
833,727.774639999994,0,10.0,0.0
834,727.774869999994,0,13.0,0.0
835,727.775159999994,0,16.0,0.0
836,727.775529999994,0,21.0,0.0
837,727.7759999999939,0,26.0,0.0
838,727.776579999994,0,32.0,0.0
839,727.777319999994,0,42.0,0.0
840,727.7782499999939,0,51.0,0.0
841,727.779409999994,0,65.0,0.0
842,727.780879999994,0,82.0,0.0
843,727.782729999994,0,103.0,0.0
844,727.785059999994,0,130.0,0.0
845,727.787989999994,0,163.0,0.0
846,727.791679999994,0,206.0,0.0
847,727.796329999994,0,259.0,0.0
848,727.802179999994,0,326.0,0.0
849,727.809539999994,0,410.0,0.0
850,727.818809999994,0,517.0,0.0
851,727.830479999994,0,650.0,0.0
852,727.845169999994,0,819.0,0.0
853,727.863669999994,0,1031.0,0.0
854,727.886959999994,0,1298.0,0.0
855,727.9162699999939,0,1633.0,0.0
856,727.953169999994,0,2057.0,0.0
857,727.999629999994,0,2589.0,0.0
858,728.058119999994,0,3260.0,0.0
859,728.131759999994,0,4104.0,0.0
860,728.224459999994,0,5166.0,0.0
861,728.341159999994,0,6504.0,0.0
862,728.488079999994,0,8188.0,0.0
863,728.673039999994,0,10308.0,0.0
864,728.905889999994,0,12977.0,0.0
865,729.199029999994,0,16337.0,0.0
866,729.568069999994,0,20567.0,0.0
867,730.032669999994,0,25893.0,0.0
868,730.596949999994,0,30535.0,0.0
869,759.4022999999939,0,2850000.0,0.0
870,787.904799999994,0,0.0,0.0
870,787.904799999994,1,250.0,1000.0
871,787.909799999994,0,250.0,1000.0
872,817.9072999999939,0,2999500.0,0.0
